% This is the LP equivalent of a BP  125MHz IMUX filter described by 
% amplitude square response and groupo delay;
% First column contains frequency (in MHz), 
% Second column contains amplitude square(dB), and 
% Third column contains group delay (in nanosecond). 
data=[-500   -60.000   33.3333
  -400.0000 -60.0000   33.3333
 -380.0000  -60.0000   33.3333
 -360.0000  -60.0000   33.3333
 -340.0000  -60.0000   33.3333
 -320.0000  -60.0000   33.3333
 -300.0000  -60.0000   33.3333
 -280.0000  -60.0000   33.3333
 -260.0000  -60.0000   33.3333
 -240.0000  -60.0000   33.3333
 -220.0000  -60.0000   33.3333
 -200.0000  -60.0000   33.3333
 -180.0000  -60.0000   33.3333
 -160.0000  -60.0000   33.3333
 -140.0000  -60.0000   33.3333
 -120.0000  -60.0000   33.3333
 -100.0000  -60.0000   33.3333
  -80.0000  -50.0000   33.3333
  -70.0000  -40.0000   33.3333
  -69.0000  -30.0000   31.6667
  -68.0000  -25.0000   30.0000
  -66.0000  -20.0000   26.6667
  -64.0000  -15.0000   24.3333
  -62.5000  -10.0000   22.6667
  -62.0000   -8.0000   20.0000
  -60.0000   -6.0000   18.3333
  -58.0000   -4.5000   16.6667
  -56.0000   -3.000    14.1333
  -54.0000   -2.2000   10.6667
  -52.0000   -1.800     7.4667
  -50.0000   -1.500     5.6667
  -48.0000   -0.2400    4.0000
  -46.0000   -0.1000    3.0000
  -44.0000   -0.0400    2.0000
  -42.0000         0    1.4000
  -40.0000    0.0800    0.8000
  -38.0000    0.1200    0.5333
  -36.0000    0.1400    0.2667
  -34.0000    0.1600    0.1333
  -32.0000    0.1900         0
  -30.0000    0.2000         0
  -28.0000    0.2000         0
  -26.0000    0.2000         0
  -24.0000    0.1800         0
  -22.0000    0.1700         0
  -20.0000    0.1600         0
  -18.0000    0.1500         0
  -16.0000    0.1400         0
  -14.0000    0.1300         0
  -12.0000    0.1200         0
  -10.0000    0.1100         0
   -8.0000    0.1000         0
   -6.0000    0.0600         0
   -4.0000    0.0400         0
   -2.0000    0.0200         0
         0         0         0
    2.0000         0         0
    4.0000         0         0
    6.0000   -0.0200         0
    8.0000   -0.0200         0
   10.0000   -0.0200         0
   12.0000   -0.0200         0
   14.0000   -0.0100         0
   16.0000         0         0
   18.0000    0.0100         0
   20.0000    0.0200         0
   22.0000    0.0250         0
   24.0000    0.0300         0
   26.0000    0.0400         0
   28.0000    0.0600         0
   30.0000    0.0600    1.0000
   32.0000    0.0600    1.2667
   34.0000    0.0600    1.5000
   36.0000    0.0600    1.6667
   38.0000    0.0100    2.0000
   40.0000   -0.0200    3.0000
   42.0000   -0.1000    3.5000
   44.0000   -0.1600    4.0000
   46.0000   -0.3000    5.2000
   48.0000   -0.4600    6.5000
   50.0000   -0.7000    8.0000
   52.0000   -0.8040    9.3333
   54.0000   -1.2000    10.6667
   56.0000   -1.2000    12.6667
   58.0000   -1.6000    14.3333
   60.0000   -2.0400    18.6667
   62.0000   -2.5000    20.3333
   62.5000   -3.0000    22.0000
   64.0000   -4.0000    24.3333
   66.0000   -6.0000    26.6667
   68.0000   -8.0000    30.0000
   69.0000   -10.0000   33.3333
   70.0000  -12.0000    33.3333
   80.0000  -40.0000    33.3333
  100.0000  -50.0000    33.3333
  120.0000  -50.0000    33.3333
  140.0000  -50.0000    33.3333
  160.0000  -50.0000    33.3333
  180.0000  -50.0000    33.3333
  200.0000  -50.0000    33.3333
  220.0000  -50.0000    33.3333
  240.0000  -50.0000    33.3333
  260.0000  -50.0000    33.3333
  280.0000  -50.0000    33.3333
  300.0000  -50.0000    33.3333
  320.0000  -50.0000    33.3333
  340.0000  -50.0000    33.3333
  360.0000  -50.0000    33.3333
  380.0000  -50.0000    33.3333
  400.0000  -50.0000    33.3333
  500.000   -50.00      33.3333];
